244 244 244
223 223 223
201 201 201
181 181 181
161 161 161
155 155 155
136 136 136
116 116 116
98 98 98
80 80 80
62 62 62
43 43 43
0 243 118
0 243 98
0 243 78
0 243 58
0 243 17
3 243 0
23 243 0
64 243 0
84 243 0
104 243 0
125 243 0
145 243 0
185 243 0
226 243 0
243 240 0
243 220 0
243 199 0
243 199 0
243 179 0
243 139 0
243 118 0
243 98 0
243 78 0
243 58 0
243 37 0
243 17 0
243 0 44
243 0 23
243 0 3
243 0 64
243 0 104
243 0 125
243 0 145
243 0 165
243 0 226
240 0 243
220 0 243
199 0 243
159 0 243
118 0 243
78 0 243
17 0 243
0 3 243
0 23 243
0 44 243
0 84 243
0 104 243
0 125 243
0 145 243
0 165 243
0 206 243
0 226 243
0 243 240
0 243 220