0217 0376 0011 acidgreen
0275 0154 0110 adobe
0124 0254 0150 algae
0041 0303 0157 algaegreen
0360 0370 0377 aliceblue
0007 0015 0015 almostblack
0376 0263 0010 amber
0233 0137 0300 amethyst
0372 0353 0327 antiquewhite
0377 0357 0333 antiquewhite1
0356 0337 0314 antiquewhite2
0315 0300 0260 antiquewhite3
0213 0203 0170 antiquewhite4
0156 0313 0074 apple
0166 0315 0046 applegreen
0377 0261 0155 apricot
0000 0377 0377 aqua
0023 0352 0311 aqua
0002 0330 0351 aquablue
0022 0341 0223 aquagreen
0177 0377 0324 aquamarine
0004 0330 0262 aquamarine
0056 0350 0273 aquamarine
0166 0356 0306 aquamarine2
0146 0315 0252 aquamarine3
0105 0213 0164 aquamarine4
0113 0135 0026 armygreen
0167 0253 0126 asparagus
0075 0007 0064 aubergine
0232 0060 0001 auburn
0220 0261 0064 avocado
0207 0251 0042 avocadogreen
0035 0135 0354 azul
0360 0377 0377 azure
0006 0232 0363 azure
0340 0356 0356 azure2
0301 0315 0315 azure3
0203 0213 0213 azure4
0242 0317 0376 babyblue
0214 0377 0236 babygreen
0377 0267 0316 babypink
0253 0220 0004 babypoo
0223 0174 0000 babypoop
0217 0230 0005 babypoopgreen
0266 0304 0006 babypukegreen
0312 0233 0367 babypurple
0255 0220 0015 babyshitbrown
0210 0227 0027 babyshitgreen
0377 0377 0176 banana
0372 0376 0113 bananayellow
0376 0106 0245 barbiepink
0224 0254 0002 barfgreen
0254 0035 0270 barney
0240 0004 0230 barneypurple
0153 0174 0205 battleshipgrey
0346 0332 0246 beige
0365 0365 0334 beige
0231 0017 0113 berry
0265 0303 0006 bile
0377 0344 0304 bisque
0356 0325 0267 bisque2
0315 0267 0236 bisque3
0213 0175 0153 bisque4
0000 0000 0000 black
0377 0353 0315 blanchedalmond
0257 0250 0213 bland
0167 0000 0001 blood
0376 0113 0003 bloodorange
0230 0000 0002 bloodred
0000 0000 0377 blue
0003 0103 0337 blue
0000 0000 0356 blue2
0000 0000 0315 blue3
0000 0000 0213 blue4
0106 0101 0226 blueberry
0042 0102 0307 blueblue
0001 0172 0171 bluegreen
0017 0233 0216 bluegreen
0023 0176 0155 bluegreen
0165 0215 0243 bluegrey
0205 0243 0262 bluegrey
0140 0174 0216 bluegrey
0127 0051 0316 bluepurple
0132 0006 0357 bluepurple
0212 0053 0342 blueviolet
0135 0006 0351 blueviolet
0123 0074 0306 bluewithahintofpurple
0053 0261 0171 blueygreen
0211 0240 0260 blueygrey
0142 0101 0307 blueypurple
0051 0166 0273 bluish
0020 0246 0164 bluishgreen
0164 0213 0227 bluishgrey
0160 0073 0347 bluishpurple
0125 0071 0314 blurple
0362 0236 0216 blush
0376 0202 0214 blushpink
0233 0265 0074 booger
0226 0264 0003 boogergreen
0173 0000 0054 bordeaux
0143 0263 0145 boringgreen
0004 0112 0005 bottlegreen
0240 0066 0043 brick
0301 0112 0011 brickorange
0217 0024 0002 brickred
0013 0371 0352 brightaqua
0001 0145 0374 brightblue
0101 0375 0376 brightcyan
0001 0377 0007 brightgreen
0307 0140 0377 brightlavender
0046 0367 0375 brightlightblue
0055 0376 0124 brightlightgreen
0311 0136 0373 brightlilac
0207 0375 0005 brightlime
0145 0376 0010 brightlimegreen
0377 0010 0350 brightmagenta
0234 0273 0004 brightolive
0377 0133 0000 brightorange
0376 0001 0261 brightpink
0276 0003 0375 brightpurple
0377 0000 0015 brightred
0005 0377 0246 brightseagreen
0002 0314 0376 brightskyblue
0001 0371 0306 brightteal
0017 0376 0371 brightturquoise
0255 0012 0375 brightviolet
0377 0375 0001 brightyellow
0235 0377 0000 brightyellowgreen
0005 0110 0015 britishracinggreen
0250 0171 0000 bronze
0145 0067 0000 brown
0245 0052 0052 brown
0377 0100 0100 brown1
0356 0073 0073 brown2
0315 0063 0063 brown3
0213 0043 0043 brown4
0160 0154 0021 browngreen
0215 0204 0150 browngrey
0234 0155 0127 brownish
0152 0156 0011 brownishgreen
0206 0167 0137 brownishgrey
0313 0167 0043 brownishorange
0302 0176 0171 brownishpink
0166 0102 0116 brownishpurple
0236 0066 0043 brownishred
0311 0260 0003 brownishyellow
0271 0151 0002 brownorange
0222 0053 0005 brownred
0262 0227 0005 brownyellow
0157 0154 0012 brownygreen
0312 0153 0002 brownyorange
0176 0100 0161 bruise
0377 0154 0265 bubblegum
0376 0203 0314 bubblegumpink
0377 0151 0257 bubblegumpink
0376 0366 0236 buff
0141 0000 0043 burgundy
0336 0270 0207 burlywood
0377 0323 0233 burlywood1
0356 0305 0221 burlywood2
0315 0252 0175 burlywood3
0213 0163 0125 burlywood4
0300 0116 0001 burntorange
0237 0043 0005 burntred
0267 0122 0003 burntsiena
0260 0116 0017 burntsienna
0240 0105 0016 burntumber
0325 0253 0011 burntyellow
0150 0062 0343 burple
0377 0377 0201 butter
0375 0261 0107 butterscotch
0377 0375 0164 butteryellow
0116 0164 0226 cadetblue
0137 0236 0240 cadetblue
0230 0365 0377 cadetblue1
0216 0345 0356 cadetblue2
0172 0305 0315 cadetblue3
0123 0206 0213 cadetblue4
0306 0237 0131 camel
0177 0217 0116 camo
0122 0145 0045 camogreen
0113 0141 0023 camouflagegreen
0375 0377 0143 canary
0377 0376 0100 canaryyellow
0377 0143 0351 candypink
0257 0157 0011 caramel
0235 0002 0026 carmine
0375 0171 0217 carnation
0377 0177 0247 carnationpink
0212 0270 0376 carolinablue
0276 0375 0267 celadon
0301 0375 0225 celery
0245 0243 0221 cement
0336 0014 0142 cerise
0004 0205 0321 cerulean
0005 0156 0356 ceruleanblue
0064 0070 0067 charcoal
0074 0101 0102 charcoalgrey
0177 0377 0000 chartreuse
0301 0370 0012 chartreuse
0166 0356 0000 chartreuse2
0146 0315 0000 chartreuse3
0105 0213 0000 chartreuse4
0317 0002 0064 cherry
0367 0002 0052 cherryred
0164 0050 0002 chestnut
0322 0151 0036 chocolate
0075 0034 0002 chocolate
0377 0177 0044 chocolate1
0356 0166 0041 chocolate2
0315 0146 0035 chocolate3
0213 0105 0023 chocolate4
0101 0031 0000 chocolatebrown
0254 0117 0006 cinnamon
0150 0000 0030 claret
0266 0152 0120 clay
0262 0161 0075 claybrown
0044 0172 0375 clearblue
0254 0302 0331 cloudyblue
0036 0110 0217 cobalt
0003 0012 0247 cobaltblue
0207 0137 0102 cocoa
0246 0201 0114 coffee
0111 0204 0270 coolblue
0063 0270 0144 coolgreen
0225 0243 0246 coolgrey
0266 0143 0045 copper
0374 0132 0120 coral
0377 0177 0120 coral
0377 0162 0126 coral1
0356 0152 0120 coral2
0315 0133 0105 coral3
0213 0076 0057 coral4
0377 0141 0143 coralpink
0152 0171 0367 cornflower
0144 0225 0355 cornflowerblue
0121 0160 0327 cornflowerblue
0377 0370 0334 cornsilk
0356 0350 0315 cornsilk2
0315 0310 0261 cornsilk3
0213 0210 0170 cornsilk4
0236 0000 0072 cranberry
0377 0377 0302 cream
0377 0377 0266 creme
0214 0000 0017 crimson
0334 0024 0074 crimson
0377 0375 0170 custard
0000 0356 0356 cyan2
0000 0315 0315 cyan3
0000 0213 0213 cyan4
0376 0337 0010 dandelion
0033 0044 0061 dark
0005 0151 0153 darkaqua
0001 0163 0161 darkaquamarine
0254 0223 0142 darkbeige
0000 0003 0133 darkblue
0003 0007 0144 darkblue
0000 0122 0111 darkbluegreen
0037 0073 0115 darkbluegrey
0064 0034 0002 darkbrown
0317 0122 0116 darkcoral
0377 0363 0232 darkcream
0012 0210 0212 darkcyan
0000 0055 0004 darkforestgreen
0235 0007 0131 darkfuchsia
0265 0224 0020 darkgold
0270 0206 0013 darkgoldenrod
0377 0271 0017 darkgoldenrod1
0356 0255 0016 darkgoldenrod2
0315 0225 0014 darkgoldenrod3
0213 0145 0010 darkgoldenrod4
0070 0200 0004 darkgrassgreen
0000 0144 0000 darkgreen
0003 0065 0000 darkgreen
0005 0111 0007 darkgreen
0037 0143 0127 darkgreenblue
0251 0251 0251 darkgrey
0066 0067 0067 darkgrey
0051 0106 0133 darkgreyblue
0331 0001 0146 darkhotpink
0037 0011 0124 darkindigo
0001 0101 0202 darkishblue
0050 0174 0067 darkishgreen
0332 0106 0175 darkishpink
0165 0031 0163 darkishpurple
0251 0003 0010 darkishred
0233 0217 0125 darkkhaki
0275 0267 0153 darkkhaki
0205 0147 0230 darklavender
0234 0155 0245 darklilac
0204 0267 0001 darklime
0176 0275 0001 darklimegreen
0213 0000 0213 darkmagenta
0226 0000 0126 darkmagenta
0074 0000 0010 darkmaroon
0207 0114 0142 darkmauve
0110 0300 0162 darkmint
0040 0300 0163 darkmintgreen
0250 0211 0005 darkmustard
0000 0004 0065 darknavy
0000 0002 0056 darknavyblue
0067 0076 0002 darkolive
0074 0115 0003 darkolivegreen
0125 0153 0057 darkolivegreen
0312 0377 0160 darkolivegreen1
0274 0356 0150 darkolivegreen2
0242 0315 0132 darkolivegreen3
0156 0213 0075 darkolivegreen4
0306 0121 0002 darkorange
0377 0214 0000 darkorange
0377 0177 0000 darkorange1
0356 0166 0000 darkorange2
0315 0146 0000 darkorange3
0213 0105 0000 darkorange4
0231 0062 0314 darkorchid
0277 0076 0377 darkorchid1
0262 0072 0356 darkorchid2
0232 0062 0315 darkorchid3
0150 0042 0213 darkorchid4
0126 0256 0127 darkpastelgreen
0336 0176 0135 darkpeach
0146 0137 0321 darkperiwinkle
0313 0101 0153 darkpink
0077 0001 0054 darkplum
0065 0006 0076 darkpurple
0204 0000 0000 darkred
0213 0000 0000 darkred
0265 0110 0135 darkrose
0002 0006 0157 darkroyalblue
0131 0205 0126 darksage
0310 0132 0123 darksalmon
0351 0226 0172 darksalmon
0250 0217 0131 darksand
0037 0265 0172 darkseafoam
0076 0257 0166 darkseafoamgreen
0217 0274 0217 darkseagreen
0021 0207 0135 darkseagreen
0301 0377 0301 darkseagreen1
0264 0356 0264 darkseagreen2
0233 0315 0233 darkseagreen3
0151 0213 0151 darkseagreen4
0104 0216 0344 darkskyblue
0041 0107 0141 darkslateblue
0110 0075 0213 darkslateblue
0057 0117 0117 darkslategrey
0227 0377 0377 darkslategrey1
0215 0356 0356 darkslategrey2
0171 0315 0315 darkslategrey3
0122 0213 0213 darkslategrey4
0257 0210 0112 darktan
0177 0150 0116 darktaupe
0001 0115 0116 darkteal
0000 0316 0321 darkturquoise
0004 0134 0132 darkturquoise
0224 0000 0323 darkviolet
0064 0001 0077 darkviolet
0325 0266 0012 darkyellow
0162 0217 0002 darkyellowgreen
0010 0170 0177 deepaqua
0004 0002 0163 deepblue
0101 0002 0000 deepbrown
0002 0131 0017 deepgreen
0215 0136 0267 deeplavender
0226 0156 0275 deeplilac
0240 0002 0134 deepmagenta
0334 0115 0001 deeporange
0313 0001 0142 deeppink
0377 0024 0223 deeppink
0356 0022 0211 deeppink2
0315 0020 0166 deeppink3
0213 0012 0120 deeppink4
0066 0001 0077 deeppurple
0232 0002 0000 deepred
0307 0107 0147 deeprose
0001 0124 0202 deepseablue
0000 0277 0377 deepskyblue
0015 0165 0370 deepskyblue
0000 0262 0356 deepskyblue2
0000 0232 0315 deepskyblue3
0000 0150 0213 deepskyblue4
0000 0125 0132 deepteal
0001 0163 0164 deepturquoise
0111 0006 0110 deepviolet
0073 0143 0214 denim
0073 0133 0222 denimblue
0314 0255 0140 desert
0237 0203 0003 diarrhea
0151 0151 0151 dimgrey
0212 0156 0105 dirt
0203 0145 0071 dirtbrown
0077 0202 0235 dirtyblue
0146 0176 0054 dirtygreen
0310 0166 0006 dirtyorange
0312 0173 0200 dirtypink
0163 0112 0145 dirtypurple
0315 0305 0012 dirtyyellow
0036 0220 0377 dodgerblue
0076 0202 0374 dodgerblue
0034 0206 0356 dodgerblue2
0030 0164 0315 dodgerblue3
0020 0116 0213 dodgerblue4
0202 0203 0104 drab
0164 0225 0121 drabgreen
0113 0001 0001 driedblood
0303 0373 0364 duckeggblue
0111 0165 0234 dullblue
0207 0156 0113 dullbrown
0164 0246 0142 dullgreen
0330 0206 0073 dullorange
0325 0206 0235 dullpink
0204 0131 0176 dullpurple
0273 0077 0077 dullred
0137 0236 0217 dullteal
0356 0334 0133 dullyellow
0116 0124 0201 dusk
0046 0123 0215 duskblue
0107 0137 0224 duskyblue
0314 0172 0213 duskypink
0211 0133 0173 duskypurple
0272 0150 0163 duskyrose
0262 0231 0156 dust
0132 0206 0255 dustyblue
0166 0251 0163 dustygreen
0254 0206 0250 dustylavender
0360 0203 0072 dustyorange
0325 0212 0224 dustypink
0202 0137 0207 dustypurple
0271 0110 0116 dustyred
0300 0163 0172 dustyrose
0114 0220 0205 dustyteal
0242 0145 0076 earth
0214 0375 0176 eastergreen
0300 0161 0376 easterpurple
0376 0377 0312 ecru
0070 0010 0065 eggplant
0103 0005 0101 eggplantpurple
0377 0374 0304 eggshell
0377 0377 0324 eggshell
0304 0377 0367 eggshellblue
0006 0122 0377 electricblue
0041 0374 0015 electricgreen
0250 0377 0004 electriclime
0377 0004 0220 electricpink
0252 0043 0377 electricpurple
0001 0240 0111 emerald
0002 0217 0036 emeraldgreen
0005 0107 0052 evergreen
0145 0214 0273 fadedblue
0173 0262 0164 fadedgreen
0360 0224 0115 fadedorange
0336 0235 0254 fadedpink
0221 0156 0231 fadedpurple
0323 0111 0116 fadedred
0376 0377 0177 fadedyellow
0317 0257 0173 fawn
0143 0251 0120 fern
0124 0215 0104 ferngreen
0262 0042 0042 firebrick
0377 0060 0060 firebrick1
0356 0054 0054 firebrick2
0315 0046 0046 firebrick3
0213 0032 0032 firebrick4
0376 0000 0002 fireenginered
0074 0163 0250 flatblue
0151 0235 0114 flatgreen
0377 0372 0360 floralwhite
0010 0377 0010 fluorescentgreen
0012 0377 0002 flurogreen
0220 0375 0251 foamgreen
0013 0125 0011 forest
0042 0213 0042 forestgreen
0006 0107 0014 forestgreen
0025 0104 0006 forrestgreen
0103 0153 0255 frenchblue
0151 0330 0117 freshgreen
0130 0274 0010 froggreen
0355 0015 0331 fuchsia
0377 0000 0377 fuchsia
0334 0334 0334 gainsboro
0370 0370 0377 ghostwhite
0333 0264 0014 gold
0377 0327 0000 gold
0356 0311 0000 gold2
0315 0255 0000 gold3
0213 0165 0000 gold4
0365 0277 0003 golden
0262 0172 0001 goldenbrown
0332 0245 0040 goldenrod
0371 0274 0010 goldenrod
0372 0302 0005 goldenrod
0377 0301 0045 goldenrod1
0356 0264 0042 goldenrod2
0315 0233 0035 goldenrod3
0213 0151 0024 goldenrod4
0376 0306 0025 goldenyellow
0154 0064 0141 grape
0375 0131 0126 grapefruit
0135 0024 0121 grapepurple
0134 0254 0055 grass
0077 0233 0013 grassgreen
0101 0234 0003 grassygreen
0000 0377 0000 green
0025 0260 0032 green
0000 0356 0000 green2
0000 0315 0000 green3
0000 0213 0000 green4
0136 0334 0037 greenapple
0001 0300 0215 greenblue
0043 0304 0213 greenblue
0006 0264 0213 greenblue
0124 0116 0003 greenbrown
0167 0222 0157 greengrey
0100 0243 0150 greenish
0311 0321 0171 greenishbeige
0013 0213 0207 greenishblue
0151 0141 0022 greenishbrown
0052 0376 0267 greenishcyan
0226 0256 0215 greenishgrey
0274 0313 0172 greenishtan
0062 0277 0204 greenishteal
0000 0373 0260 greenishturquoise
0315 0375 0002 greenishyellow
0014 0265 0167 greenteal
0102 0263 0225 greenyblue
0151 0140 0006 greenybrown
0255 0377 0057 greenyellow
0265 0316 0010 greenyellow
0311 0377 0047 greenyellow
0176 0240 0172 greenygrey
0306 0370 0010 greenyyellow
0222 0225 0221 grey
0276 0276 0276 grey
0003 0003 0003 grey1
0032 0032 0032 grey10
0377 0377 0377 grey100
0034 0034 0034 grey11
0037 0037 0037 grey12
0041 0041 0041 grey13
0044 0044 0044 grey14
0046 0046 0046 grey15
0051 0051 0051 grey16
0053 0053 0053 grey17
0056 0056 0056 grey18
0060 0060 0060 grey19
0005 0005 0005 grey2
0063 0063 0063 grey20
0066 0066 0066 grey21
0070 0070 0070 grey22
0073 0073 0073 grey23
0075 0075 0075 grey24
0100 0100 0100 grey25
0102 0102 0102 grey26
0105 0105 0105 grey27
0107 0107 0107 grey28
0112 0112 0112 grey29
0010 0010 0010 grey3
0115 0115 0115 grey30
0117 0117 0117 grey31
0122 0122 0122 grey32
0124 0124 0124 grey33
0127 0127 0127 grey34
0131 0131 0131 grey35
0134 0134 0134 grey36
0136 0136 0136 grey37
0141 0141 0141 grey38
0143 0143 0143 grey39
0012 0012 0012 grey4
0146 0146 0146 grey40
0153 0153 0153 grey42
0156 0156 0156 grey43
0160 0160 0160 grey44
0163 0163 0163 grey45
0165 0165 0165 grey46
0170 0170 0170 grey47
0172 0172 0172 grey48
0175 0175 0175 grey49
0015 0015 0015 grey5
0177 0177 0177 grey50
0202 0202 0202 grey51
0205 0205 0205 grey52
0207 0207 0207 grey53
0212 0212 0212 grey54
0214 0214 0214 grey55
0217 0217 0217 grey56
0221 0221 0221 grey57
0224 0224 0224 grey58
0226 0226 0226 grey59
0017 0017 0017 grey6
0231 0231 0231 grey60
0234 0234 0234 grey61
0236 0236 0236 grey62
0241 0241 0241 grey63
0243 0243 0243 grey64
0246 0246 0246 grey65
0250 0250 0250 grey66
0253 0253 0253 grey67
0255 0255 0255 grey68
0260 0260 0260 grey69
0022 0022 0022 grey7
0263 0263 0263 grey70
0265 0265 0265 grey71
0270 0270 0270 grey72
0272 0272 0272 grey73
0275 0275 0275 grey74
0277 0277 0277 grey75
0302 0302 0302 grey76
0304 0304 0304 grey77
0307 0307 0307 grey78
0311 0311 0311 grey79
0024 0024 0024 grey8
0314 0314 0314 grey80
0317 0317 0317 grey81
0321 0321 0321 grey82
0324 0324 0324 grey83
0326 0326 0326 grey84
0331 0331 0331 grey85
0333 0333 0333 grey86
0336 0336 0336 grey87
0340 0340 0340 grey88
0343 0343 0343 grey89
0027 0027 0027 grey9
0345 0345 0345 grey90
0350 0350 0350 grey91
0353 0353 0353 grey92
0355 0355 0355 grey93
0360 0360 0360 grey94
0362 0362 0362 grey95
0365 0365 0365 grey96
0367 0367 0367 grey97
0372 0372 0372 grey98
0374 0374 0374 grey99
0144 0175 0216 greyblue
0153 0213 0244 greyblue
0167 0241 0265 greyblue
0177 0160 0123 greybrown
0170 0233 0163 greygreen
0206 0241 0175 greygreen
0250 0244 0225 greyish
0136 0201 0235 greyishblue
0172 0152 0117 greyishbrown
0202 0246 0175 greyishgreen
0310 0215 0224 greyishpink
0210 0161 0221 greyishpurple
0161 0237 0221 greyishteal
0303 0220 0233 greypink
0202 0155 0214 greypurple
0136 0233 0212 greyteal
0240 0277 0026 grossgreen
0123 0142 0147 gunmetal
0216 0166 0030 hazel
0244 0204 0254 heather
0331 0117 0365 heliotrope
0033 0374 0006 highlightergreen
0360 0377 0360 honeydew
0340 0356 0340 honeydew2
0301 0315 0301 honeydew3
0203 0213 0203 honeydew4
0233 0345 0252 hospitalgreen
0045 0377 0051 hotgreen
0365 0004 0311 hotmagenta
0377 0151 0264 hotpink
0377 0002 0215 hotpink
0377 0156 0264 hotpink1
0356 0152 0247 hotpink2
0315 0140 0220 hotpink3
0213 0072 0142 hotpink4
0313 0000 0365 hotpurple
0013 0100 0010 huntergreen
0326 0377 0372 ice
0327 0377 0376 iceblue
0217 0256 0042 ickygreen
0205 0016 0004 indianred
0315 0134 0134 indianred
0377 0152 0152 indianred1
0356 0143 0143 indianred2
0315 0125 0125 indianred3
0213 0072 0072 indianred4
0070 0002 0202 indigo
0113 0000 0202 indigo
0072 0030 0261 indigoblue
0142 0130 0304 iris
0001 0225 0051 irishgreen
0377 0377 0313 ivory
0377 0377 0360 ivory
0356 0356 0340 ivory2
0315 0315 0301 ivory3
0213 0213 0203 ivory4
0037 0247 0164 jade
0053 0257 0152 jadegreen
0004 0202 0103 junglegreen
0000 0223 0067 kelleygreen
0002 0253 0056 kellygreen
0134 0262 0000 kermitgreen
0256 0377 0156 keylime
0252 0246 0142 khaki
0360 0346 0214 khaki
0377 0366 0217 khaki1
0356 0346 0205 khaki2
0315 0306 0163 khaki3
0213 0206 0116 khaki4
0162 0206 0071 khakigreen
0234 0357 0103 kiwi
0216 0345 0077 kiwigreen
0307 0237 0357 lavender
0346 0346 0372 lavender
0213 0210 0370 lavenderblue
0377 0360 0365 lavenderblush
0356 0340 0345 lavenderblush2
0315 0301 0305 lavenderblush3
0213 0203 0206 lavenderblush4
0335 0205 0327 lavenderpink
0174 0374 0000 lawngreen
0115 0244 0011 lawngreen
0161 0252 0064 leaf
0134 0251 0004 leafgreen
0121 0267 0073 leafygreen
0254 0164 0064 leather
0375 0377 0122 lemon
0377 0372 0315 lemonchiffon
0356 0351 0277 lemonchiffon2
0315 0311 0245 lemonchiffon3
0213 0211 0160 lemonchiffon4
0255 0370 0002 lemongreen
0277 0376 0050 lemonlime
0375 0377 0070 lemonyellow
0217 0266 0173 lichen
0214 0377 0333 lightaqua
0173 0375 0307 lightaquamarine
0377 0376 0266 lightbeige
0173 0310 0366 lightblue
0225 0320 0374 lightblue
0255 0330 0346 lightblue
0277 0357 0377 lightblue1
0262 0337 0356 lightblue2
0232 0300 0315 lightblue3
0150 0203 0213 lightblue4
0176 0373 0263 lightbluegreen
0267 0311 0342 lightbluegrey
0166 0375 0250 lightbluishgreen
0123 0376 0134 lightbrightgreen
0255 0201 0120 lightbrown
0250 0101 0133 lightburgundy
0360 0200 0200 lightcoral
0254 0377 0374 lightcyan
0340 0377 0377 lightcyan
0321 0356 0356 lightcyan2
0264 0315 0315 lightcyan3
0172 0213 0213 lightcyan4
0211 0105 0205 lighteggplant
0165 0375 0143 lightergreen
0245 0132 0364 lighterpurple
0117 0221 0123 lightforestgreen
0375 0334 0134 lightgold
0356 0335 0202 lightgoldenrod
0377 0354 0213 lightgoldenrod1
0356 0334 0202 lightgoldenrod2
0315 0276 0160 lightgoldenrod3
0213 0201 0114 lightgoldenrod4
0372 0372 0322 lightgoldenrodyellow
0232 0367 0144 lightgrassgreen
0166 0377 0173 lightgreen
0220 0356 0220 lightgreen
0226 0371 0173 lightgreen
0126 0374 0242 lightgreenblue
0143 0367 0264 lightgreenishblue
0323 0323 0323 lightgrey
0330 0334 0326 lightgrey
0235 0274 0324 lightgreyblue
0267 0341 0241 lightgreygreen
0155 0132 0317 lightindigo
0075 0172 0375 lightishblue
0141 0341 0140 lightishgreen
0245 0122 0346 lightishpurple
0376 0057 0112 lightishred
0346 0362 0242 lightkhaki
0357 0300 0376 lightlavendar
0337 0305 0376 lightlavender
0312 0377 0373 lightlightblue
0310 0377 0260 lightlightgreen
0355 0310 0377 lightlilac
0256 0375 0154 lightlime
0271 0377 0146 lightlimegreen
0372 0137 0367 lightmagenta
0242 0110 0127 lightmaroon
0302 0222 0241 lightmauve
0266 0377 0273 lightmint
0246 0373 0262 lightmintgreen
0246 0310 0165 lightmossgreen
0367 0325 0140 lightmustard
0025 0120 0204 lightnavy
0056 0132 0210 lightnavyblue
0116 0375 0124 lightneongreen
0254 0277 0151 lightolive
0244 0276 0134 lightolivegreen
0375 0252 0110 lightorange
0262 0373 0245 lightpastelgreen
0377 0330 0261 lightpeach
0304 0376 0202 lightpeagreen
0301 0306 0374 lightperiwinkle
0377 0266 0301 lightpink
0377 0321 0337 lightpink
0377 0256 0271 lightpink1
0356 0242 0255 lightpink2
0315 0214 0225 lightpink3
0213 0137 0145 lightpink4
0235 0127 0203 lightplum
0277 0167 0366 lightpurple
0377 0107 0114 lightred
0377 0305 0313 lightrose
0072 0056 0376 lightroyalblue
0274 0354 0254 lightsage
0376 0251 0223 lightsalmon
0377 0240 0172 lightsalmon
0356 0225 0162 lightsalmon2
0315 0201 0142 lightsalmon3
0213 0127 0102 lightsalmon4
0240 0376 0277 lightseafoam
0247 0377 0265 lightseafoamgreen
0230 0366 0260 lightseagreen
0040 0262 0252 lightseagreen
0207 0316 0372 lightskyblue
0306 0374 0377 lightskyblue
0260 0342 0377 lightskyblue1
0244 0323 0356 lightskyblue2
0215 0266 0315 lightskyblue3
0140 0173 0213 lightskyblue4
0204 0160 0377 lightslateblue
0167 0210 0231 lightslategrey
0260 0304 0336 lightsteelblue
0312 0341 0377 lightsteelblue1
0274 0322 0356 lightsteelblue2
0242 0265 0315 lightsteelblue3
0156 0173 0213 lightsteelblue4
0373 0356 0254 lighttan
0220 0344 0301 lightteal
0176 0364 0314 lightturquoise
0263 0157 0366 lighturple
0326 0264 0374 lightviolet
0377 0376 0172 lightyellow
0377 0377 0340 lightyellow
0356 0356 0321 lightyellow2
0315 0315 0264 lightyellow3
0213 0213 0172 lightyellow4
0314 0375 0177 lightyellowgreen
0302 0377 0211 lightyellowishgreen
0316 0242 0375 lilac
0304 0216 0375 liliac
0252 0377 0062 lime
0211 0376 0005 limegreen
0062 0315 0062 limegreen
0320 0376 0035 limeyellow
0372 0360 0346 linen
0325 0027 0116 lipstick
0300 0002 0057 lipstickred
0357 0264 0065 macaroniandcheese
0302 0000 0170 magenta
0356 0000 0356 magenta2
0315 0000 0315 magenta3
0112 0001 0000 mahogany
0364 0320 0124 maize
0377 0246 0053 mango
0377 0372 0206 manilla
0374 0300 0006 marigold
0004 0056 0140 marine
0001 0070 0152 marineblue
0145 0000 0041 maroon
0260 0060 0140 maroon
0377 0064 0263 maroon1
0356 0060 0247 maroon2
0315 0051 0220 maroon3
0213 0034 0142 maroon4
0256 0161 0201 mauve
0054 0157 0273 mediumblue
0177 0121 0022 mediumbrown
0071 0255 0110 mediumgreen
0175 0177 0174 mediumgrey
0272 0125 0323 mediumorchid
0340 0146 0377 mediumorchid1
0321 0137 0356 mediumorchid2
0264 0122 0315 mediumorchid3
0172 0067 0213 mediumorchid4
0363 0141 0226 mediumpink
0223 0160 0333 mediumpurple
0236 0103 0242 mediumpurple
0253 0202 0377 mediumpurple1
0237 0171 0356 mediumpurple2
0211 0150 0315 mediumpurple3
0135 0107 0213 mediumpurple4
0074 0263 0161 mediumseagreen
0173 0150 0356 mediumslateblue
0000 0372 0232 mediumspringgreen
0110 0321 0314 mediumturquoise
0307 0025 0205 mediumvioletred
0377 0170 0125 melon
0163 0000 0071 merlot
0117 0163 0216 metallicblue
0047 0152 0263 midblue
0120 0247 0107 midgreen
0003 0001 0055 midnight
0002 0000 0065 midnightblue
0031 0031 0160 midnightblue
0050 0001 0067 midnightpurple
0146 0174 0076 militarygreen
0177 0116 0036 milkchocolate
0237 0376 0260 mint
0365 0377 0372 mintcream
0217 0377 0237 mintgreen
0013 0367 0175 mintygreen
0377 0344 0341 mistyrose
0356 0325 0322 mistyrose2
0315 0267 0265 mistyrose3
0213 0175 0173 mistyrose4
0377 0344 0265 moccasin
0235 0166 0121 mocha
0166 0231 0130 moss
0145 0213 0070 mossgreen
0143 0213 0047 mossygreen
0163 0134 0022 mud
0140 0106 0017 mudbrown
0210 0150 0006 muddybrown
0145 0164 0062 muddygreen
0277 0254 0005 muddyyellow
0140 0146 0002 mudgreen
0222 0012 0116 mulberry
0154 0172 0016 murkygreen
0272 0236 0210 mushroom
0316 0263 0001 mustard
0254 0176 0004 mustardbrown
0250 0265 0004 mustardgreen
0322 0275 0012 mustardyellow
0073 0161 0237 mutedblue
0137 0240 0122 mutedgreen
0321 0166 0217 mutedpink
0200 0133 0207 mutedpurple
0160 0262 0077 nastygreen
0377 0336 0255 navajowhite
0356 0317 0241 navajowhite2
0315 0263 0213 navajowhite3
0213 0171 0136 navajowhite4
0000 0000 0200 navy
0001 0025 0076 navy
0000 0021 0106 navyblue
0065 0123 0012 navygreen
0004 0331 0377 neonblue
0014 0377 0014 neongreen
0376 0001 0232 neonpink
0274 0023 0376 neonpurple
0377 0007 0072 neonred
0317 0377 0004 neonyellow
0020 0172 0260 niceblue
0004 0003 0110 nightblue
0001 0173 0222 ocean
0003 0161 0234 oceanblue
0075 0231 0163 oceangreen
0277 0233 0014 ocher
0277 0220 0005 ochre
0306 0234 0004 ocre
0126 0204 0256 offblue
0153 0243 0123 offgreen
0377 0377 0344 offwhite
0361 0363 0077 offyellow
0375 0365 0346 oldlace
0307 0171 0206 oldpink
0310 0177 0211 oldrose
0156 0165 0016 olive
0200 0200 0000 olive
0144 0124 0003 olivebrown
0153 0216 0043 olivedrab
0157 0166 0062 olivedrab
0300 0377 0076 olivedrab1
0263 0356 0072 olivedrab2
0232 0315 0062 olivedrab3
0151 0213 0042 olivedrab4
0147 0172 0004 olivegreen
0302 0267 0011 oliveyellow
0371 0163 0006 orange
0377 0245 0000 orange
0356 0232 0000 orange2
0315 0205 0000 orange3
0213 0132 0000 orange4
0276 0144 0000 orangebrown
0375 0215 0111 orangeish
0377 0157 0122 orangepink
0375 0101 0036 orangered
0376 0102 0017 orangered
0377 0105 0000 orangered
0356 0100 0000 orangered2
0315 0067 0000 orangered3
0213 0045 0000 orangered4
0261 0140 0002 orangeybrown
0377 0255 0001 orangeyellow
0372 0102 0044 orangeyred
0375 0271 0025 orangeyyellow
0374 0202 0112 orangish
0262 0137 0003 orangishbrown
0364 0066 0005 orangishred
0310 0165 0304 orchid
0332 0160 0326 orchid
0377 0203 0372 orchid1
0356 0172 0351 orchid2
0315 0151 0311 orchid3
0213 0107 0211 orchid4
0377 0371 0320 pale
0270 0377 0353 paleaqua
0320 0376 0376 paleblue
0261 0221 0156 palebrown
0267 0377 0372 palecyan
0375 0336 0154 palegold
0356 0350 0252 palegoldenrod
0230 0373 0230 palegreen
0307 0375 0265 palegreen
0232 0377 0232 palegreen1
0174 0315 0174 palegreen3
0124 0213 0124 palegreen4
0375 0375 0376 palegrey
0356 0317 0376 palelavender
0261 0374 0231 palelightgreen
0344 0313 0377 palelilac
0276 0375 0163 palelime
0261 0377 0145 palelimegreen
0327 0147 0255 palemagenta
0376 0320 0374 palemauve
0271 0314 0201 paleolive
0261 0322 0173 paleolivegreen
0377 0247 0126 paleorange
0377 0345 0255 palepeach
0377 0317 0334 palepink
0267 0220 0324 palepurple
0331 0124 0115 palered
0375 0301 0305 palerose
0377 0261 0232 palesalmon
0275 0366 0376 paleskyblue
0202 0313 0262 paleteal
0245 0373 0325 paleturquoise
0257 0356 0356 paleturquoise
0273 0377 0377 paleturquoise1
0256 0356 0356 paleturquoise2
0226 0315 0315 paleturquoise3
0146 0213 0213 paleturquoise4
0316 0256 0372 paleviolet
0333 0160 0223 palevioletred
0377 0202 0253 palevioletred1
0356 0171 0237 palevioletred2
0315 0150 0211 palevioletred3
0213 0107 0135 palevioletred4
0377 0377 0204 paleyellow
0377 0357 0325 papayawhip
0376 0374 0257 parchment
0242 0277 0376 pastelblue
0260 0377 0235 pastelgreen
0377 0226 0117 pastelorange
0377 0272 0315 pastelpink
0312 0240 0377 pastelpurple
0333 0130 0126 pastelred
0377 0376 0161 pastelyellow
0244 0277 0040 pea
0377 0260 0174 peach
0377 0332 0271 peachpuff
0356 0313 0255 peachpuff2
0315 0257 0225 peachpuff3
0213 0167 0145 peachpuff4
0377 0232 0212 peachypink
0001 0147 0225 peacockblue
0216 0253 0022 peagreen
0313 0370 0137 pear
0222 0231 0001 peasoup
0224 0246 0027 peasoupgreen
0216 0202 0376 periwinkle
0217 0231 0373 periwinkleblue
0217 0214 0347 perrywinkle
0315 0205 0077 peru
0000 0137 0152 petrol
0347 0216 0245 pigpink
0053 0135 0064 pine
0012 0110 0036 pinegreen
0377 0201 0300 pink
0377 0300 0313 pink
0377 0265 0305 pink1
0356 0251 0270 pink2
0315 0221 0236 pink3
0213 0143 0154 pink4
0324 0152 0176 pinkish
0261 0162 0141 pinkishbrown
0310 0254 0251 pinkishgrey
0377 0162 0114 pinkishorange
0326 0110 0327 pinkishpurple
0361 0014 0105 pinkishred
0331 0233 0202 pinkishtan
0333 0113 0332 pinkpurple
0357 0035 0347 pinkpurple
0365 0005 0117 pinkred
0374 0206 0252 pinky
0311 0114 0276 pinkypurple
0374 0046 0107 pinkyred
0335 0326 0030 pissyellow
0300 0372 0213 pistachio
0335 0240 0335 plum
0130 0017 0101 plum
0377 0273 0377 plum1
0356 0256 0356 plum2
0315 0226 0315 plum3
0213 0146 0213 plum4
0116 0005 0120 plumpurple
0100 0375 0024 poisongreen
0217 0163 0003 poo
0210 0137 0001 poobrown
0177 0136 0000 poop
0172 0131 0001 poopbrown
0157 0174 0000 poopgreen
0260 0340 0346 powderblue
0261 0321 0374 powderblue
0377 0262 0320 powderpink
0010 0004 0371 primaryblue
0000 0105 0167 prussianblue
0245 0176 0122 puce
0245 0245 0002 puke
0224 0167 0006 pukebrown
0232 0256 0007 pukegreen
0302 0276 0016 pukeyellow
0341 0167 0001 pumpkin
0373 0175 0007 pumpkinorange
0002 0003 0342 pureblue
0176 0036 0234 purple
0240 0040 0360 purple
0233 0060 0377 purple1
0221 0054 0356 purple2
0175 0046 0315 purple3
0125 0032 0213 purple4
0135 0041 0320 purpleblue
0143 0055 0351 purpleblue
0147 0072 0077 purplebrown
0206 0157 0205 purplegrey
0230 0126 0215 purpleish
0141 0100 0357 purpleishblue
0337 0116 0310 purpleishpink
0327 0045 0336 purplepink
0340 0077 0330 purplepink
0231 0001 0107 purplered
0207 0126 0344 purpley
0137 0064 0347 purpleyblue
0224 0176 0224 purpleygrey
0310 0074 0271 purpleypink
0224 0126 0214 purplish
0140 0036 0371 purplishblue
0153 0102 0107 purplishbrown
0172 0150 0177 purplishgrey
0316 0135 0256 purplishpink
0260 0005 0113 purplishred
0230 0077 0262 purply
0146 0032 0356 purplyblue
0360 0165 0346 purplypink
0276 0256 0212 putty
0001 0106 0000 racinggreen
0054 0372 0037 radioactivegreen
0260 0001 0111 raspberry
0232 0142 0000 rawsienna
0247 0136 0011 rawumber
0324 0377 0377 reallylightblue
0146 0063 0231 rebeccapurple
0345 0000 0000 red
0377 0000 0000 red
0356 0000 0000 red2
0315 0000 0000 red3
0213 0056 0026 redbrown
0304 0102 0100 reddish
0177 0053 0012 reddishbrown
0231 0165 0160 reddishgrey
0370 0110 0034 reddishorange
0376 0054 0124 reddishpink
0221 0011 0121 reddishpurple
0156 0020 0005 reddybrown
0375 0074 0006 redorange
0372 0052 0125 redpink
0202 0007 0107 redpurple
0236 0001 0150 redviolet
0214 0000 0064 redwine
0002 0033 0371 richblue
0162 0000 0130 richpurple
0212 0361 0376 robineggblue
0155 0355 0375 robinsegg
0230 0357 0371 robinseggblue
0376 0206 0244 rosa
0317 0142 0165 rose
0367 0207 0232 rosepink
0276 0001 0074 rosered
0274 0217 0217 rosybrown
0377 0301 0301 rosybrown1
0356 0264 0264 rosybrown2
0315 0233 0233 rosybrown3
0213 0151 0151 rosybrown4
0366 0150 0216 rosypink
0253 0022 0071 rouge
0014 0027 0223 royal
0005 0004 0252 royalblue
0101 0151 0341 royalblue
0110 0166 0377 royalblue1
0103 0156 0356 royalblue2
0072 0137 0315 royalblue3
0047 0100 0213 royalblue4
0113 0000 0156 royalpurple
0312 0001 0107 ruby
0241 0071 0005 russet
0250 0074 0011 rust
0213 0061 0003 rustbrown
0304 0125 0010 rustorange
0252 0047 0004 rustred
0315 0131 0011 rustyorange
0257 0057 0015 rustyred
0376 0262 0011 saffron
0207 0256 0163 sage
0210 0263 0170 sagegreen
0372 0200 0162 salmon
0377 0171 0154 salmon
0377 0214 0151 salmon1
0356 0202 0142 salmon2
0315 0160 0124 salmon3
0213 0114 0071 salmon4
0376 0173 0174 salmonpink
0342 0312 0166 sand
0313 0245 0140 sandbrown
0311 0256 0164 sandstone
0361 0332 0172 sandy
0304 0246 0141 sandybrown
0364 0244 0140 sandybrown
0374 0341 0146 sandyellow
0375 0356 0163 sandyyellow
0134 0213 0025 sapgreen
0041 0070 0253 sapphire
0276 0001 0031 scarlet
0074 0231 0222 sea
0004 0164 0225 seablue
0200 0371 0255 seafoam
0170 0321 0266 seafoamblue
0172 0371 0253 seafoamgreen
0056 0213 0127 seagreen
0123 0374 0241 seagreen
0124 0377 0237 seagreen1
0116 0356 0224 seagreen2
0103 0315 0200 seagreen3
0377 0365 0356 seashell
0356 0345 0336 seashell2
0315 0305 0277 seashell3
0213 0206 0202 seashell4
0030 0321 0173 seaweed
0065 0255 0153 seaweedgreen
0230 0136 0053 sepia
0001 0264 0114 shamrock
0002 0301 0115 shamrockgreen
0177 0137 0000 shit
0173 0130 0004 shitbrown
0165 0200 0000 shitgreen
0376 0002 0242 shockingpink
0235 0271 0054 sickgreen
0224 0262 0034 sicklygreen
0320 0344 0051 sicklyyellow
0240 0122 0055 sienna
0251 0126 0036 sienna
0377 0202 0107 sienna1
0356 0171 0102 sienna2
0315 0150 0071 sienna3
0213 0107 0046 sienna4
0300 0300 0300 silver
0305 0311 0307 silver
0202 0312 0374 sky
0165 0273 0375 skyblue
0207 0316 0353 skyblue
0207 0316 0377 skyblue1
0176 0300 0356 skyblue2
0154 0246 0315 skyblue3
0112 0160 0213 skyblue4
0121 0145 0162 slate
0152 0132 0315 slateblue
0133 0174 0231 slateblue
0203 0157 0377 slateblue1
0172 0147 0356 slateblue2
0151 0131 0315 slateblue3
0107 0074 0213 slateblue4
0145 0215 0155 slategreen
0160 0200 0220 slategrey
0131 0145 0155 slategrey
0306 0342 0377 slategrey1
0271 0323 0356 slategrey2
0237 0266 0315 slategrey3
0154 0173 0213 slategrey4
0231 0314 0004 slimegreen
0254 0273 0015 snot
0235 0301 0000 snotgreen
0377 0372 0372 snow
0356 0351 0351 snow2
0315 0311 0311 snow3
0213 0211 0211 snow4
0144 0210 0352 softblue
0157 0302 0166 softgreen
0375 0260 0300 softpink
0246 0157 0265 softpurple
0036 0370 0166 spearmint
0000 0377 0177 springgreen
0251 0371 0161 springgreen
0000 0356 0166 springgreen2
0000 0315 0146 springgreen3
0000 0213 0105 springgreen4
0012 0137 0070 spruce
0362 0253 0025 squash
0163 0205 0225 steel
0106 0202 0264 steelblue
0132 0175 0232 steelblue
0143 0270 0377 steelblue1
0134 0254 0356 steelblue2
0117 0224 0315 steelblue3
0066 0144 0213 steelblue4
0157 0202 0212 steelgrey
0255 0245 0207 stone
0120 0173 0234 stormyblue
0374 0366 0171 straw
0373 0051 0103 strawberry
0014 0006 0367 strongblue
0377 0007 0211 strongpink
0377 0305 0022 sunflower
0377 0332 0003 sunfloweryellow
0377 0371 0027 sunnyyellow
0377 0375 0067 sunshineyellow
0377 0337 0042 sunyellow
0151 0203 0071 swamp
0164 0205 0000 swampgreen
0321 0262 0157 tan
0322 0264 0214 tan
0377 0245 0117 tan1
0356 0232 0111 tan2
0213 0132 0053 tan4
0253 0176 0114 tanbrown
0377 0224 0010 tangerine
0251 0276 0160 tangreen
0271 0242 0201 taupe
0145 0253 0174 tea
0275 0370 0243 teagreen
0000 0200 0200 teal
0002 0223 0206 teal
0001 0210 0237 tealblue
0045 0243 0157 tealgreen
0044 0274 0250 tealish
0014 0334 0163 tealishgreen
0313 0150 0103 terracota
0311 0144 0073 terracotta
0312 0146 0101 terracotta
0330 0277 0330 thistle
0377 0341 0377 thistle1
0356 0322 0356 thistle2
0315 0265 0315 thistle3
0213 0173 0213 thistle4
0173 0362 0332 tiffanyblue
0357 0100 0046 tomato
0377 0143 0107 tomato
0356 0134 0102 tomato2
0315 0117 0071 tomato3
0213 0066 0046 tomato4
0354 0055 0001 tomatored
0023 0273 0257 topaz
0307 0254 0175 toupe
0141 0336 0052 toxicgreen
0052 0176 0031 treegreen
0001 0017 0314 trueblue
0010 0224 0004 truegreen
0006 0302 0254 turquoise
0100 0340 0320 turquoise
0000 0365 0377 turquoise1
0000 0345 0356 turquoise2
0000 0305 0315 turquoise3
0000 0206 0213 turquoise4
0006 0261 0304 turquoiseblue
0004 0364 0211 turquoisegreen
0165 0270 0117 turtlegreen
0116 0121 0213 twilight
0012 0103 0172 twilightblue
0061 0146 0212 uglyblue
0175 0161 0003 uglybrown
0172 0227 0003 uglygreen
0315 0165 0204 uglypink
0244 0102 0240 uglypurple
0320 0301 0001 uglyyellow
0040 0000 0261 ultramarine
0030 0005 0333 ultramarineblue
0262 0144 0000 umber
0165 0010 0121 velvet
0364 0062 0014 vermillion
0000 0001 0063 verydarkblue
0035 0002 0000 verydarkbrown
0006 0056 0003 verydarkgreen
0052 0001 0064 verydarkpurple
0325 0377 0377 verylightblue
0323 0266 0203 verylightbrown
0321 0377 0275 verylightgreen
0377 0364 0362 verylightpink
0366 0316 0374 verylightpurple
0326 0377 0376 verypaleblue
0317 0375 0274 verypalegreen
0003 0071 0370 vibrantblue
0012 0335 0010 vibrantgreen
0255 0003 0336 vibrantpurple
0232 0016 0352 violet
0356 0202 0356 violet
0121 0012 0311 violetblue
0373 0137 0374 violetpink
0245 0000 0125 violetred
0320 0040 0220 violetred
0377 0076 0226 violetred1
0356 0072 0214 violetred2
0315 0062 0170 violetred3
0213 0042 0122 violetred4
0036 0221 0147 viridian
0025 0056 0377 vividblue
0057 0357 0020 vividgreen
0231 0000 0372 vividpurple
0242 0244 0025 vomit
0211 0242 0003 vomitgreen
0307 0301 0014 vomityellow
0113 0127 0333 warmblue
0226 0116 0002 warmbrown
0227 0212 0204 warmgrey
0373 0125 0201 warmpink
0225 0056 0217 warmpurple
0274 0365 0246 washedoutgreen
0016 0207 0314 waterblue
0375 0106 0131 watermelon
0000 0200 0000 webgreen
0200 0200 0200 webgrey
0200 0000 0000 webmaroon
0200 0000 0200 webpurple
0072 0345 0177 weirdgreen
0365 0336 0263 wheat
0373 0335 0176 wheat
0377 0347 0272 wheat1
0356 0330 0256 wheat2
0315 0272 0226 wheat3
0213 0176 0146 wheat4
0067 0170 0277 windowsblue
0200 0001 0077 wine
0173 0003 0043 winered
0040 0371 0206 wintergreen
0250 0175 0302 wisteria
0377 0377 0000 yellow
0377 0377 0024 yellow
0356 0356 0000 yellow2
0315 0315 0000 yellow3
0213 0213 0000 yellow4
0267 0224 0000 yellowbrown
0273 0371 0017 yellowgreen
0300 0373 0055 yellowgreen
0310 0375 0075 yellowgreen
0372 0356 0146 yellowish
0233 0172 0001 yellowishbrown
0260 0335 0026 yellowishgreen
0377 0253 0017 yellowishorange
0374 0374 0201 yellowishtan
0313 0235 0006 yellowochre
0374 0260 0001 yelloworange
0377 0343 0156 yellowtan
0256 0213 0014 yellowybrown
0277 0361 0050 yellowygreen
